[single6.jpg]
rotate=rotate(0)
moddate=7c5e0a127d10d901
width=500
height=500
text=1;133;12;A-Cord seals;Arial;0.641634,0.422455,0.054949,7.943805;v1,4278190080,4278190080,128.000000,1.000000,0.000000,1.000000,400,0,49152;;
textactive=1
[single8.jpg]
filters=enhance=1;
moddate=8b41ef7a8010d901
width=180
height=113
textactive=0
[logoo.jpg]
filters=crop64=1,196e3999d992be32;
crop=rect64(196e3999d992be32)
moddate=13437b42f111d901
width=906
height=1280
textactive=0
